8,9
492,1
492,0
489,4
489,3
489,2
489,1
489,0
488,4
488,3
488,2
488,1
488,0
487,3
487,2
487,1
487,0
485,4
485,3
485,2
485,1
485,0
325,13
325,12
325,6
325,1
324,5
324,4
324,3
324,1
323,515
323,514
323,513
323,512
323,62
323,61
323,60
323,59
323,58
323,57
323,56
323,55
323,54
323,53
323,52
323,51
323,50
323,49
323,47
323,45
323,43
323,40
323,18
323,17
323,16
323,9
323,8
323,6
323,5
323,4
323,3
323,1
319,3
319,1
316,4
316,3
316,1
313,4
313,1
289,5
289,4
289,3
289,1
277,18
277,17
277,16
277,15
277,1
20,3
20,2
20,1
19,3
19,2
19,1
18,3
18,1
14,19
14,18
14,15
14,11
14,6
14,3
14,1
13,5
13,4
13,3
13,1
12,3
12,2
12,1
11,30
11,29
11,28
11,27
11,26
11,25
11,24
11,23
11,22
11,21
11,20
11,19
11,18
11,17
11,14
11,13
11,10
11,8
11,7
11,3
11,2
11,1
10,315
10,311
10,293
10,263
10,261
10,203
10,187
10,147
10,145
