504,11
323,40
323,43
323,45
323,61
323,47
323,49
323,50
323,51
323,52
323,53
323,54
323,55
323,56
323,57
323,58
323,59
323,514
323,62
323,60
0,606
0,605
0,604
0,603
0,602
0,601
0,600
0,599
0,598
0,597
0,596
0,595
0,594
0,593
0,592
0,591
0,590
0,589
0,588
0,587
0,586
0,585
0,584
0,583
0,582
0,581
0,580
0,579
0,578
0,577
0,576
323,515
707,14
323,513
323,512
711,4
711,3
711,2
711,1
711,0
710,4
710,3
710,2
710,1
710,0
709,5
709,4
709,3
709,2
709,1
709,0
708,4
708,3
708,2
708,1
708,0
707,15
707,13
707,5
707,12
707,11
707,10
707,9
707,8
707,7
707,6
707,4
707,3
707,2
707,1
707,0
706,4
706,3
706,2
706,1
706,0
705,5
705,4
705,3
705,2
705,1
705,0
704,4
704,3
704,2
704,1
704,0
703,4
703,3
703,2
703,1
703,0
702,4
702,3
702,2
702,1
702,0
701,4
701,3
701,2
701,1
701,0
700,4
700,3
700,2
700,1
700,0
699,4
699,3
699,2
699,1
699,0
698,3
698,2
698,1
698,0
697,5
697,4
697,3
697,2
697,1
697,0
696,19
696,18
696,17
696,16
696,15
696,14
696,13
696,12
696,11
696,10
696,9
696,8
696,7
696,6
696,5
696,4
696,3
696,2
696,1
696,0
695,5
695,4
695,3
695,2
695,1
695,0
694,6
694,5
694,4
694,3
694,2
694,1
694,0
693,25
693,24
693,23
693,22
693,21
693,5
693,20
693,19
693,18
693,17
693,16
693,15
693,14
693,13
693,12
693,11
693,10
693,9
693,8
693,7
693,6
693,4
693,3
693,2
693,1
693,0
692,5
692,4
692,3
692,2
692,1
692,0
691,3
691,2
691,1
691,0
690,5
690,4
690,3
690,2
690,1
690,0
689,3
689,2
689,1
689,0
688,16
688,15
688,14
688,13
688,12
688,11
688,10
688,9
688,8
688,7
688,6
688,5
688,4
688,3
688,2
688,1
688,0
687,3
687,2
687,1
687,0
686,5
686,4
686,3
686,2
686,1
686,0
685,3
685,2
685,1
685,0
684,3
684,2
684,1
684,0
683,3
683,2
683,1
683,0
682,3
682,2
682,1
682,0
681,10
681,9
681,8
681,4
681,7
681,6
681,5
681,3
681,2
681,1
681,0
680,3
680,2
680,1
680,0
679,3
679,2
679,1
679,0
678,3
678,2
678,1
678,0
677,3
677,2
677,1
677,0
676,3
676,2
676,1
676,0
675,3
675,2
675,1
675,0
674,3
674,2
674,1
674,0
673,3
673,2
673,1
673,0
672,5
672,4
672,3
672,2
672,1
672,0
671,3
671,2
671,1
671,0
670,5
670,4
670,3
670,2
670,1
670,0
669,5
669,4
669,3
669,2
669,1
669,0
668,3
668,2
668,1
668,0
667,5
667,4
667,3
667,2
667,1
667,0
666,4
666,3
666,2
666,1
666,0
665,4
665,3
665,2
665,1
665,0
664,6
664,5
664,4
664,3
664,2
664,1
664,0
663,6
663,5
663,4
663,3
663,2
663,1
663,0
662,7
662,6
662,5
662,4
662,3
662,2
662,1
662,0
661,3
661,2
661,1
661,0
660,5
660,4
660,3
660,2
660,1
660,0
659,7
659,6
659,5
659,4
659,3
659,2
659,1
659,0
658,3
658,2
658,1
658,0
657,5
657,4
657,3
657,2
657,1
657,0
656,4
656,3
656,2
656,1
656,0
655,5
655,4
655,3
655,2
655,1
655,0
654,4
654,3
654,2
654,1
654,0
653,4
653,3
653,2
653,1
653,0
652,3
652,2
652,1
652,0
651,7
651,6
651,5
651,4
651,3
651,2
651,1
651,0
650,4
650,3
650,2
650,1
650,0
649,5
649,4
649,3
649,2
649,1
649,0
648,5
648,4
648,3
648,2
648,1
648,0
647,4
647,3
647,2
647,1
647,0
646,3
646,2
646,1
646,0
645,3
645,2
645,1
645,0
644,4
644,3
644,2
644,1
644,0
643,4
643,3
643,2
643,1
643,0
642,4
642,3
642,2
642,1
642,0
641,3
641,2
641,1
641,0
640,3
640,2
640,1
640,0
639,3
639,2
639,1
639,0
638,3
638,2
638,1
638,0
637,4
637,3
637,2
637,1
637,0
636,4
636,3
636,2
636,1
636,0
635,4
635,3
635,2
635,1
635,0
634,3
634,2
634,1
634,0
633,3
633,2
633,1
633,0
632,3
632,2
632,1
632,0
631,3
631,2
631,1
631,0
630,3
630,2
630,1
630,0
629,5
629,4
629,3
629,2
629,1
629,0
628,5
628,4
628,3
628,2
628,1
628,0
627,4
627,3
627,2
627,1
627,0
626,4
626,3
626,2
626,1
626,0
625,6
625,5
625,4
625,3
625,2
625,1
625,0
624,4
624,3
624,2
624,1
624,0
623,5
623,4
623,3
623,2
623,1
623,0
622,5
622,4
622,3
622,2
622,1
622,0
621,4
621,3
621,2
621,1
621,0
620,5
620,4
620,3
620,2
620,1
620,0
619,3
619,2
619,1
619,0
618,3
618,2
618,1
618,0
617,3
617,2
617,1
617,0
616,3
616,2
616,1
616,0
615,3
615,2
615,1
615,0
614,3
614,2
614,1
614,0
613,3
613,2
613,1
613,0
612,10
612,9
612,8
612,4
612,7
612,6
612,5
612,3
612,2
612,1
612,0
611,3
611,2
611,1
611,0
610,3
610,2
610,1
610,0
609,3
609,2
609,1
609,0
608,3
608,2
608,1
608,0
607,3
607,2
607,1
607,0
606,3
606,2
606,1
606,0
605,3
605,2
605,1
605,0
604,4
604,3
604,2
604,1
604,0
603,3
603,2
603,1
603,0
602,4
602,3
602,2
602,1
602,0
601,3
601,2
601,1
601,0
600,3
600,2
600,1
600,0
599,3
599,2
599,1
599,0
598,3
598,2
598,1
598,0
597,4
597,3
597,2
597,1
597,0
596,3
596,2
596,1
596,0
595,3
595,2
595,1
595,0
594,4
594,3
594,2
594,1
594,0
593,4
593,3
593,2
593,1
593,0
592,3
592,2
592,1
592,0
591,3
591,2
591,1
591,0
590,3
590,2
590,1
590,0
589,4
589,3
589,2
589,1
589,0
588,5
588,4
588,3
588,2
588,1
588,0
587,4
587,3
587,2
587,1
587,0
586,4
586,3
586,2
586,1
586,0
585,3
585,2
585,1
585,0
584,4
584,3
584,2
584,1
584,0
583,4
583,3
583,2
583,1
583,0
582,4
582,3
582,2
582,1
582,0
581,4
581,3
581,2
581,1
581,0
580,9
580,8
580,7
580,6
580,5
580,4
580,3
580,2
580,1
580,0
579,8
579,7
579,6
579,5
579,4
579,3
579,2
579,1
579,0
578,5
578,4
578,3
578,2
578,1
578,0
577,4
577,3
577,2
577,1
577,0
576,7
576,6
576,5
576,4
576,3
576,2
576,1
576,0
575,4
575,3
575,2
575,1
575,0
574,4
574,3
574,2
574,1
574,0
573,4
573,3
573,2
573,1
573,0
572,5
572,4
572,3
572,2
572,1
572,0
571,6
571,5
571,4
571,3
571,2
571,1
571,0
570,5
570,4
570,3
570,2
570,1
570,0
569,6
569,5
569,4
569,3
569,2
569,1
569,0
568,6
568,5
568,4
568,3
568,2
568,1
568,0
567,4
567,3
567,2
567,1
567,0
566,5
566,4
566,3
566,2
566,1
566,0
565,12
565,11
565,10
565,9
565,8
565,7
565,6
565,5
565,4
565,3
565,2
565,1
565,0
564,3
564,2
564,1
564,0
563,4
563,3
563,2
563,1
563,0
562,4
562,3
562,2
562,1
562,0
561,3
561,2
561,1
561,0
560,3
560,2
560,1
560,0
559,3
559,2
559,1
559,0
558,3
558,2
558,1
558,0
557,5
557,4
557,3
557,2
557,1
557,0
556,6
556,5
556,4
556,3
556,2
556,1
556,0
555,4
555,3
555,2
555,1
555,0
554,6
554,5
554,4
554,3
554,2
554,1
554,0
553,5
553,4
553,3
553,2
553,1
553,0
552,4
552,3
552,2
552,1
552,0
551,4
551,3
551,2
551,1
551,0
550,4
550,3
550,2
550,1
550,0
549,6
549,5
549,4
549,3
549,2
549,1
549,0
548,5
548,4
548,3
548,2
548,1
548,0
547,4
547,3
547,2
547,1
547,0
546,5
546,4
546,3
546,2
546,1
546,0
545,12
545,11
545,10
545,9
545,8
545,7
545,6
545,5
545,4
545,3
545,2
545,1
545,0
544,5
544,4
544,3
544,2
544,1
544,0
543,5
543,4
543,3
543,2
543,1
543,0
542,7
542,6
542,5
542,4
542,3
542,2
542,1
542,0
541,5
541,4
541,3
541,2
541,1
541,0
540,4
540,3
540,2
540,1
540,0
539,5
539,4
539,3
539,2
539,1
539,0
538,7
538,6
538,5
538,4
538,3
538,2
538,1
538,0
537,5
537,4
537,3
537,2
537,1
537,0
536,3
536,2
536,1
536,0
535,6
535,5
535,4
535,3
535,2
535,1
535,0
534,6
534,5
534,4
534,3
534,2
534,1
534,0
533,3
533,2
533,1
533,0
532,17
532,16
532,15
532,14
532,13
532,12
532,11
532,10
532,9
532,8
532,7
532,6
532,5
532,4
532,3
532,2
532,1
532,0
531,5
531,4
531,3
531,2
531,1
531,0
530,4
530,3
530,2
530,1
530,0
529,3
529,2
529,1
529,0
528,4
528,3
528,2
528,1
528,0
527,4
527,3
527,2
527,1
527,0
526,4
526,3
526,2
526,1
526,0
525,4
525,3
525,2
525,1
525,0
524,4
524,3
524,2
524,1
524,0
523,3
523,2
523,1
523,0
522,5
522,4
522,3
522,2
522,1
522,0
521,5
521,4
521,3
521,2
521,1
521,0
520,5
520,4
520,3
520,2
520,1
520,0
519,11
519,10
519,9
519,8
519,7
519,6
519,5
519,4
519,3
519,2
519,1
519,0
518,4
518,3
518,2
518,1
518,0
517,14
517,13
517,12
517,11
517,10
517,9
517,8
517,7
517,6
517,5
517,4
517,3
517,2
517,1
517,0
516,9
516,8
516,7
516,6
516,5
516,4
516,3
516,2
516,1
516,0
515,5
515,4
515,3
515,2
515,1
515,0
514,5
514,4
514,3
514,2
514,1
514,0
513,5
513,4
513,3
513,2
513,1
513,0
512,8
512,7
512,6
512,5
512,4
512,3
512,2
512,1
512,0
511,4
511,3
511,2
511,1
511,0
510,4
510,3
510,2
510,1
510,0
509,4
509,3
509,2
509,1
509,0
508,4
508,3
508,2
508,1
508,0
507,6
507,5
507,4
507,3
507,2
507,1
507,0
506,4
506,3
506,2
506,1
506,0
505,4
505,3
505,2
505,1
505,0
504,13
504,12
504,10
504,9
504,8
504,7
504,6
504,5
504,4
504,3
504,2
504,1
504,0
503,5
503,4
503,3
503,2
503,1
503,0
502,16
502,15
502,14
502,13
502,12
502,11
502,10
502,9
502,8
502,7
502,6
502,5
502,4
502,3
502,2
502,1
502,0
501,4
501,3
501,2
501,1
501,0
500,5
500,4
500,3
500,2
500,1
500,0
499,4
499,3
499,2
499,1
499,0
498,4
498,3
498,2
498,1
498,0
497,4
497,3
497,2
497,1
497,0
496,4
496,3
496,2
496,1
496,0
495,4
495,3
495,2
495,1
495,0
494,4
494,3
494,2
494,1
494,0
493,4
493,3
493,2
493,1
493,0
492,9
492,8
492,7
492,6
492,5
492,4
492,3
492,2
492,1
492,0
491,5
491,4
491,3
491,2
491,1
491,0
490,4
490,3
490,2
490,1
490,0
489,4
489,3
489,2
489,1
489,0
488,4
488,3
488,2
488,1
488,0
0,575
487,3
487,2
487,1
487,0
486,6
486,5
486,4
486,3
486,2
486,1
486,0
485,4
485,3
485,2
485,1
485,0
484,20
484,19
484,18
484,17
484,16
484,15
484,14
484,13
