325,13
323,5
693,27
323,18
323,17
0,510
0,486
323,16
0,483
0,460
0,319
0,312
0,308
0,302
0,416
745,36
0,410
0,390
0,572
0,560
0,557
323,4
0,555
0,552
0,549
0,548
0,547
0,542
0,541
745,35
503,0
495,4
495,3
495,2
495,1
495,0
493,4
493,3
493,2
493,1
493,0
492,9
492,8
492,7
492,6
492,5
492,4
492,3
492,2
492,1
492,0
489,4
489,3
489,2
489,1
489,0
488,4
488,3
488,2
488,1
488,0
487,3
487,2
487,1
487,0
485,4
485,3
485,2
485,1
485,0
325,12
325,6
325,1
323,515
323,514
323,513
323,512
323,62
323,61
323,60
323,59
323,58
323,57
323,56
323,55
323,54
323,53
323,52
323,51
323,50
323,49
323,47
323,45
323,43
323,40
323,9
323,8
323,6
323,1
316,4
316,3
316,1
289,5
289,4
289,3
289,1
277,18
277,17
277,16
277,15
277,1
20,3
20,2
20,1
19,3
19,2
19,1
18,3
18,1
14,19
14,18
14,15
14,6
14,3
14,1
13,5
13,4
13,3
13,1
12,3
12,2
12,1
11,28
11,26
11,25
11,24
11,19
11,18
11,10
11,6
11,5
11,3
11,2
11,1
10,293
10,255
10,211
10,185
10,169
10,115
10,3
10,2
10,1
9,7
9,6
9,5
9,4
9,3
9,2
9,1
8,18
8,17
8,16
8,15
8,14
8,13
8,12
8,11
8,10
8,9
8,8
8,6
8,5
8,4
8,3
8,2
8,1
2,3
2,2
2,1
0,606
0,605
0,604
0,603
0,602
0,601
0,600
0,599
0,598
0,597
0,574
0,535
0,529
0,9
0,0
745,34
745,33
745,32
745,31
745,30
745,29
745,28
745,27
745,26
745,25
745,24
745,23
745,22
745,21
745,20
745,19
745,18
745,17
745,16
745,15
745,14
745,13
745,12
745,11
745,10
745,9
745,8
745,7
745,6
745,5
745,4
745,3
745,2
745,0
0,497
0,575
0,550
0,546
0,521
0,539
0,566
0,276
0,559
0,543
0,275
0,272
0,271
0,563
0,12
0,398
0,10
0,520
0,8
0,468
0,447
0,268
0,504
0,446
0,267
0,532
0,445
0,266
0,444
0,265
